[[  1.   2.   1.   1.   1.   1.   1.   1.   1.   1.   1.   1.   1.   1.
    1.   1.   1.   1.   2.   1.   1.   2.   1.   1.   1.   3.   1.   1.
    2.   1.   1.   1.   1.   1.   1.   1.   1.   1.   1.   1.   1.   1.
    1.   1.   1.   0.   0.   0.   0.   0.   0.   0.   0.   0.   0.   0.
    0.   0.   0.   0.   0.   0.   0.   0.   0.   0.   0.   0.   0.   0.
    0.   0.   0.   0.   0.   0.   0.   0.   0.   0.   0.   0.   0.   0.
    0.   0.   0.   0.   0.   0.   0.   0.   0.   0.   0.   0.   0.   0.
    0.   0.   0.   0.   0.   0.   0.   0.   0.   0.   0.   0.   0.   0.
    0.   0.   0.   0.   0.   0.   0.   0.   0.   0.   0.   0.   0.   0.
    0.   0.   0.   0.   0.   0.   0.   0.   0.   0.   0.   0.   0.   0.
    0.   0.   0.   0.   0.   0.   0.   0.   0.   0.   0.   0.   0.   0.
    0.   0.   0.   0.   0.   0.   0.   0.   0.   0.   2.   0.   0.   0.
    0.   0.   0.   1.   0.   0.   0.   0.   0.   0.   0.   0.   0.   0.
    0.   0.   0.   0.   0.   0.   0.   0.   0.   0.   0.   0.   1.   0.
    0.]
 [  3.   1.   0.   0.   0.  11.   0.   1.   0.   0.   0.   0.   0.   0.
    0.   0.   0.   0.   0.   0.   0.   0.   0.   0.   0.   0.   0.   0.
    0.   0.   0.   0.   0.   0.   0.   0.   0.   0.   0.   0.   0.   0.
    0.   0.   0.   1.   1.   1.   7.   1.   1.   3.   1.   4.   3.   3.
    1.   1.   1.   2.   1.   3.   1.   1.   1.   4.   2.   1.   3.   1.
    1.   1.   1.   1.   1.   1.   1.   1.   1.   1.   1.   3.   1.   1.
    1.   1.   3.   2.   1.   1.   1.   1.   1.   1.   2.   1.   1.   1.
    1.   1.   2.   1.   1.   1.   1.   1.   1.   1.   3.   2.   2.   2.
    1.   2.   2.   1.   1.   1.   1.   1.   2.   1.   3.   1.   2.   1.
    1.   1.   1.   2.   2.   1.   1.   1.   2.   1.   1.   1.   1.   1.
    1.   1.   1.   1.   2.   1.   1.   1.   1.   1.   2.   1.   1.   2.
    1.   1.   1.   1.   1.   1.   1.   1.   1.   1.   2.   1.   1.   1.
    1.   1.   1.   1.   1.   1.   1.   1.   1.   1.   1.   1.   1.   1.
    1.   1.   1.   1.   1.   1.   1.   1.   1.   1.   1.   1.   1.   1.
    1.]]
[[ 0.11867817  0.23735633  0.11867817  0.11867817  0.11867817  0.11867817
   0.11867817  0.11867817  0.11867817  0.11867817  0.11867817  0.11867817
   0.11867817  0.11867817  0.11867817  0.11867817  0.11867817  0.11867817
   0.23735633  0.11867817  0.11867817  0.23735633  0.11867817  0.11867817
   0.11867817  0.3560345   0.11867817  0.11867817  0.23735633  0.11867817
   0.11867817  0.11867817  0.11867817  0.11867817  0.11867817  0.11867817
   0.11867817  0.11867817  0.11867817  0.11867817  0.11867817  0.11867817
   0.11867817  0.11867817  0.11867817  0.          0.          0.          0.
   0.          0.          0.          0.          0.          0.          0.
   0.          0.          0.          0.          0.          0.          0.
   0.          0.          0.          0.          0.          0.          0.
   0.          0.          0.          0.          0.          0.          0.
   0.          0.          0.          0.          0.          0.          0.
   0.          0.          0.          0.          0.          0.          0.
   0.          0.          0.          0.          0.          0.          0.
   0.          0.          0.          0.          0.          0.          0.
   0.          0.          0.          0.          0.          0.          0.
   0.          0.          0.          0.          0.          0.          0.
   0.          0.          0.          0.          0.          0.          0.
   0.          0.          0.          0.          0.          0.          0.
   0.          0.          0.          0.          0.          0.          0.
   0.          0.          0.          0.          0.          0.          0.
   0.          0.          0.          0.          0.          0.          0.
   0.          0.          0.          0.          0.          0.          0.
   0.          0.          0.          0.23735633  0.          0.          0.
   0.          0.          0.          0.11867817  0.          0.          0.
   0.          0.          0.          0.          0.          0.          0.
   0.          0.          0.          0.          0.          0.          0.
   0.          0.          0.          0.          0.          0.11867817
   0.          0.        ]
 [ 0.1353881   0.04512937  0.          0.          0.          0.49642305
   0.          0.04512937  0.          0.          0.          0.          0.
   0.          0.          0.          0.          0.          0.          0.
   0.          0.          0.          0.          0.          0.          0.
   0.          0.          0.          0.          0.          0.          0.
   0.          0.          0.          0.          0.          0.          0.
   0.          0.          0.          0.          0.04512937  0.04512937
   0.04512937  0.31590558  0.04512937  0.04512937  0.1353881   0.04512937
   0.18051747  0.1353881   0.1353881   0.04512937  0.04512937  0.04512937
   0.09025874  0.04512937  0.1353881   0.04512937  0.04512937  0.04512937
   0.18051747  0.09025874  0.04512937  0.1353881   0.04512937  0.04512937
   0.04512937  0.04512937  0.04512937  0.04512937  0.04512937  0.04512937
   0.04512937  0.04512937  0.04512937  0.04512937  0.1353881   0.04512937
   0.04512937  0.04512937  0.04512937  0.1353881   0.09025874  0.04512937
   0.04512937  0.04512937  0.04512937  0.04512937  0.04512937  0.09025874
   0.04512937  0.04512937  0.04512937  0.04512937  0.04512937  0.09025874
   0.04512937  0.04512937  0.04512937  0.04512937  0.04512937  0.04512937
   0.04512937  0.1353881   0.09025874  0.09025874  0.09025874  0.04512937
   0.09025874  0.09025874  0.04512937  0.04512937  0.04512937  0.04512937
   0.04512937  0.09025874  0.04512937  0.1353881   0.04512937  0.09025874
   0.04512937  0.04512937  0.04512937  0.04512937  0.09025874  0.09025874
   0.04512937  0.04512937  0.04512937  0.09025874  0.04512937  0.04512937
   0.04512937  0.04512937  0.04512937  0.04512937  0.04512937  0.04512937
   0.04512937  0.09025874  0.04512937  0.04512937  0.04512937  0.04512937
   0.04512937  0.09025874  0.04512937  0.04512937  0.09025874  0.04512937
   0.04512937  0.04512937  0.04512937  0.04512937  0.04512937  0.04512937
   0.04512937  0.04512937  0.04512937  0.09025874  0.04512937  0.04512937
   0.04512937  0.04512937  0.04512937  0.04512937  0.04512937  0.04512937
   0.04512937  0.04512937  0.04512937  0.04512937  0.04512937  0.04512937
   0.04512937  0.04512937  0.04512937  0.04512937  0.04512937  0.04512937
   0.04512937  0.04512937  0.04512937  0.04512937  0.04512937  0.04512937
   0.04512937  0.04512937  0.04512937  0.04512937  0.04512937  0.04512937]]